<?xml version="1.0" standalone="no"?>
<!DOCTYPE svg PUBLIC "-//W3C//DTD SVG 20010904//EN"
 "http://www.w3.org/TR/2001/REC-SVG-20010904/DTD/svg10.dtd">
<svg version="1.0" xmlns="http://www.w3.org/2000/svg"
 width="250.000000pt" height="250.000000pt" viewBox="0 0 250.000000 250.000000"
 preserveAspectRatio="xMidYMid meet">

<g transform="translate(0.000000,250.000000) scale(0.100000,-0.100000)"
fill="#000000" stroke="none">
<path d="M1286 2048 c-14 -20 -13 -22 17 -37 36 -18 101 -107 118 -162 10 -32
21 -41 89 -73 100 -48 183 -115 235 -191 l41 -61 -4 52 c-3 35 0 54 8 59 8 5
11 4 7 -2 -4 -6 0 -13 8 -17 19 -7 19 -5 -1 41 -36 81 -68 140 -100 180 -39
48 -42 63 -14 63 32 0 23 28 -18 55 l-39 25 -44 -20 c-64 -29 -95 -26 -132 13
-18 18 -40 47 -49 65 -15 29 -22 32 -62 32 -35 0 -48 -5 -60 -22z"/>
<path d="M997 2047 c-17 -7 -30 -21 -33 -37 -20 -91 -60 -140 -114 -140 -21 0
-36 -9 -53 -32 -35 -48 -93 -157 -107 -203 -7 -22 -15 -43 -19 -47 -11 -13
-81 12 -81 28 0 11 -9 14 -32 12 -29 -3 -35 -8 -46 -43 -23 -70 6 -117 47 -76
27 27 73 27 96 1 35 -39 69 -19 150 89 52 69 141 140 222 178 46 21 53 29 67
71 9 26 27 64 41 84 14 20 25 39 25 41 0 3 -13 10 -29 17 -16 6 -41 25 -57 41
-30 31 -35 32 -77 16z"/>
<path d="M705 1878 c-19 -15 -25 -29 -25 -59 0 -21 4 -39 8 -39 15 0 94 88 88
98 -12 20 -46 20 -71 0z"/>
<path d="M1860 1747 c0 -5 9 -20 20 -34 11 -14 20 -22 20 -17 -1 12 -39 61
-40 51z"/>
<path d="M1463 1693 c21 -74 28 -126 20 -134 -6 -6 -26 -2 -54 10 -105 47
-245 50 -340 9 -27 -11 -53 -18 -56 -14 -4 3 -1 34 5 68 6 34 10 64 8 66 -12
12 -117 -64 -161 -116 l-26 -31 34 -14 c18 -8 46 -30 60 -48 l27 -34 32 19
c84 48 129 68 167 73 l41 6 0 -36 c0 -32 -4 -37 -27 -43 -80 -18 -103 -27
-158 -59 -74 -45 -107 -75 -149 -140 -41 -61 -66 -145 -66 -217 0 -42 6 -64
28 -99 61 -95 164 -169 285 -204 57 -16 126 -18 82 -1 -57 21 -85 42 -100 73
-24 50 -17 78 19 78 24 0 31 -6 40 -33 12 -34 34 -55 48 -46 4 3 8 45 8 93 l0
87 -45 22 c-57 28 -85 72 -85 134 0 78 27 122 87 143 25 8 39 20 41 33 6 38
72 32 72 -6 0 -11 12 -21 32 -27 41 -12 78 -66 78 -112 0 -33 -2 -34 -32 -31
-27 2 -34 8 -36 30 -3 28 -25 53 -39 45 -7 -4 -10 -151 -4 -178 0 -4 12 -10
25 -13 13 -3 38 -22 56 -43 31 -35 32 -39 28 -104 -6 -80 -22 -109 -75 -135
-33 -16 -35 -19 -15 -22 29 -4 123 23 185 55 58 29 142 105 164 147 20 39 20
147 -1 218 -19 68 -81 164 -131 206 -53 43 -142 89 -190 97 -73 12 -75 14 -75
52 l0 36 56 -6 c41 -4 74 -17 122 -46 l67 -40 35 34 c19 19 53 41 74 50 l39
16 -49 50 c-45 46 -123 99 -146 99 -5 0 -7 -8 -5 -17z"/>
<path d="M1898 1583 c7 -3 16 -2 19 1 4 3 -2 6 -13 5 -11 0 -14 -3 -6 -6z"/>
<path d="M1840 1570 c0 -5 5 -10 10 -10 6 0 10 5 10 10 0 6 -4 10 -10 10 -5 0
-10 -4 -10 -10z"/>
<path d="M1835 1520 c-10 -11 -22 -17 -26 -14 -5 3 -9 0 -9 -5 0 -17 17 -13
37 8 10 11 34 21 53 24 l35 4 -36 1 c-25 1 -42 -4 -54 -18z"/>
<path d="M1186 1224 c-10 -27 -6 -110 6 -122 29 -29 38 -13 38 63 0 67 -2 75
-19 75 -10 0 -22 -7 -25 -16z"/>
<path d="M1297 903 c7 -78 7 -78 28 -69 13 5 15 18 13 68 -3 56 -5 63 -25 66
-22 3 -22 1 -16 -65z"/>
<path d="M909 762 c56 -69 133 -122 224 -152 79 -27 82 -29 87 -62 3 -23 22
-54 56 -92 l52 -57 35 15 c35 14 84 85 70 100 -15 15 -44 4 -53 -19 -13 -34
-50 -51 -79 -36 -24 13 -34 44 -29 92 3 31 6 34 47 41 65 11 159 60 216 113
l50 46 -60 -29 c-89 -44 -202 -66 -294 -59 -124 10 -193 37 -331 126 -21 14
-20 10 9 -27z"/>
</g>
</svg>
